0 0.58778525 0
0.005 0.6129433 0
0.01 0.6374738 0
0.015 0.66135861 0
0.02 0.68457964 0
0.025 0.70711876 0
0.03 0.72895784 0
0.035 0.75007879 0
0.04 0.77046347 0
0.045 0.79009378 0
0.05 0.80895158 0
0.055 0.82701877 0
0.06 0.84427724 0
0.065 0.86070885 0
0.07 0.8762955 0
0.075 0.89101906 0
0.08 0.90486142 0
0.085 0.91780447 0
0.09 0.92983007 0
0.095 0.94092013 0
0.1 0.95105652 0
0.105 3.4896517e-16 0.1
0.11 3.4896517e-16 0.1
0.115 3.4896517e-16 0.1
0.12 3.4896517e-16 0.1
0.125 3.4896517e-16 0.1
0.13 3.4896517e-16 0.1
0.135 3.4896517e-16 0.1
0.14 3.4896517e-16 0.1
0.145 3.4896517e-16 0.1
0.15 3.4896517e-16 0.1
0.155 3.4896517e-16 0.1
0.16 3.4896517e-16 0.1
0.165 3.4896517e-16 0.1
0.17 3.4896517e-16 0.1
0.175 3.4896517e-16 0.1
0.18 3.4896517e-16 0.1
0.185 3.4896517e-16 0.1
0.19 3.4896517e-16 0.1
0.195 3.4896517e-16 0.1
0.2 3.4896517e-16 0.1
0.205 3.4896517e-16 0.1
0.21 3.4896517e-16 0.1
0.215 3.4896517e-16 0.1
0.22 3.4896517e-16 0.1
0.225 3.4896517e-16 0.1
0.23 3.4896517e-16 0.1
0.235 3.4896517e-16 0.1
0.24 3.4896517e-16 0.1
0.245 3.4896517e-16 0.1
0.25 3.4896517e-16 0.1
0.255 3.4896517e-16 0.1
0.26 3.4896517e-16 0.1
0.265 3.4896517e-16 0.1
0.27 3.4896517e-16 0.1
0.275 3.4896517e-16 0.1
0.28 3.4896517e-16 0.1
0.285 3.4896517e-16 0.1
0.29 3.4896517e-16 0.1
0.295 3.4896517e-16 0.1
0.3 3.4896517e-16 0.1
0.305 3.4896517e-16 0.1
0.31 3.4896517e-16 0.1
0.315 3.4896517e-16 0.1
0.32 3.4896517e-16 0.1
0.325 3.4896517e-16 0.1
0.33 3.4896517e-16 0.1
0.335 3.4896517e-16 0.1
0.34 3.4896517e-16 0.1
0.345 3.4896517e-16 0.1
0.35 3.4896517e-16 0.1
0.355 3.4896517e-16 0.1
0.36 3.4896517e-16 0.1
0.365 3.4896517e-16 0.1
0.37 3.4896517e-16 0.1
0.375 3.4896517e-16 0.1
0.38 3.4896517e-16 0.1
0.385 3.4896517e-16 0.1
0.39 3.4896517e-16 0.1
0.395 3.4896517e-16 0.1
0.4 3.4896517e-16 0.1
0.405 3.4896517e-16 0.1
0.41 3.4896517e-16 0.1
0.415 3.4896517e-16 0.1
0.42 3.4896517e-16 0.1
0.425 3.4896517e-16 0.1
0.43 3.4896517e-16 0.1
0.435 3.4896517e-16 0.1
0.44 3.4896517e-16 0.1
0.445 3.4896517e-16 0.1
0.45 3.4896517e-16 0.1
0.455 3.4896517e-16 0.1
0.46 3.4896517e-16 0.1
0.465 3.4896517e-16 0.1
0.47 3.4896517e-16 0.1
0.475 3.4896517e-16 0.1
0.48 3.4896517e-16 0.1
0.485 3.4896517e-16 0.1
0.49 3.4896517e-16 0.1
0.495 3.4896517e-16 0.1
0.5 3.4896517e-16 0.1
0.505 3.4896517e-16 0.1
0.51 3.4896517e-16 0.1
0.515 3.4896517e-16 0.1
0.52 3.4896517e-16 0.1
0.525 3.4896517e-16 0.1
0.53 3.4896517e-16 0.1
0.535 3.4896517e-16 0.1
0.54 3.4896517e-16 0.1
0.545 3.4896517e-16 0.1
0.55 3.4896517e-16 0.1
0.555 3.4896517e-16 0.1
0.56 3.4896517e-16 0.1
0.565 3.4896517e-16 0.1
0.57 3.4896517e-16 0.1
0.575 3.4896517e-16 0.1
0.58 3.4896517e-16 0.1
0.585 3.4896517e-16 0.1
0.59 3.4896517e-16 0.1
0.595 3.4896517e-16 0.1
0.6 3.4896517e-16 0.1
0.605 3.4896517e-16 0.1
0.61 3.4896517e-16 0.1
0.615 3.4896517e-16 0.1
0.62 3.4896517e-16 0.1
0.625 3.4896517e-16 0.1
0.63 3.4896517e-16 0.1
0.635 3.4896517e-16 0.1
0.64 3.4896517e-16 0.1
0.645 3.4896517e-16 0.1
0.65 3.4896517e-16 0.1
0.655 3.4896517e-16 0.1
0.66 3.4896517e-16 0.1
0.665 3.4896517e-16 0.1
0.67 3.4896517e-16 0.1
0.675 3.4896517e-16 0.1
0.68 3.4896517e-16 0.1
0.685 3.4896517e-16 0.1
0.69 3.4896517e-16 0.1
0.695 3.4896517e-16 0.1
0.7 3.4896517e-16 0.1
0.705 3.4896517e-16 0.1
0.71 3.4896517e-16 0.1
0.715 3.4896517e-16 0.1
0.72 3.4896517e-16 0.1
0.725 3.4896517e-16 0.1
0.73 3.4896517e-16 0.1
0.735 3.4896517e-16 0.1
0.74 3.4896517e-16 0.1
0.745 3.4896517e-16 0.1
0.75 3.4896517e-16 0.1
0.755 3.4896517e-16 0.1
0.76 3.4896517e-16 0.1
0.765 3.4896517e-16 0.1
0.77 3.4896517e-16 0.1
0.775 3.4896517e-16 0.1
0.78 3.4896517e-16 0.1
0.785 3.4896517e-16 0.1
0.79 3.4896517e-16 0.1
0.795 3.4896517e-16 0.1
0.8 3.4896517e-16 0.1
0.805 3.4896517e-16 0.1
0.81 3.4896517e-16 0.1
0.815 3.4896517e-16 0.1
0.82 3.4896517e-16 0.1
0.825 3.4896517e-16 0.1
0.83 3.4896517e-16 0.1
0.835 3.4896517e-16 0.1
0.84 3.4896517e-16 0.1
0.845 3.4896517e-16 0.1
0.85 3.4896517e-16 0.1
0.855 3.4896517e-16 0.1
0.86 3.4896517e-16 0.1
0.865 3.4896517e-16 0.1
0.87 3.4896517e-16 0.1
0.875 3.4896517e-16 0.1
0.88 3.4896517e-16 0.1
0.885 3.4896517e-16 0.1
0.89 3.4896517e-16 0.1
0.895 3.4896517e-16 0.1
0.9 3.4896517e-16 0.1
0.905 3.4896517e-16 0.1
0.91 3.4896517e-16 0.1
0.915 3.4896517e-16 0.1
0.92 3.4896517e-16 0.1
0.925 3.4896517e-16 0.1
0.93 3.4896517e-16 0.1
0.935 3.4896517e-16 0.1
0.94 3.4896517e-16 0.1
0.945 3.4896517e-16 0.1
0.95 3.4896517e-16 0.1
0.955 3.4896517e-16 0.1
0.96 3.4896517e-16 0.1
0.965 3.4896517e-16 0.1
0.97 3.4896517e-16 0.1
0.975 3.4896517e-16 0.1
0.98 3.4896517e-16 0.1
0.985 3.4896517e-16 0.1
0.99 3.4896517e-16 0.1
0.995 3.4896517e-16 0.1
1 3.4896517e-16 0.1
