0 -2.20391e-12
0.05 0.0058465
0.1 0.00492392
0.15 0.00338467
0.2 0.00133584
0.25 -0.00122977
0.3 -0.0043779
0.35 -0.00792326
0.4 -0.0115758
0.45 -0.0149884
0.5 -0.0181675
0.55 -0.0208048
0.6 -0.0225352
0.65 -0.0232498
0.7 -0.0227795
0.75 -0.0211011
0.8 -0.0183048
0.85 -0.0146256
0.9 -0.010202
0.95 -0.00513614
1 0
0.0138197 0.00624664
0.0361803 0.00596165
0.0638197 0.00560199
0.0861803 0.00521625
0.11382 0.00453237
0.13618 0.00389882
0.16382 0.0029066
0.18618 0.00203472
0.21382 0.000668011
0.23618 -0.00046417
0.26382 -0.00207751
0.28618 -0.00349915
0.31382 -0.00533566
0.33618 -0.00694764
0.36382 -0.008951
0.38618 -0.0106063
0.41382 -0.0125363
0.43618 -0.0140939
0.46382 -0.0158814
0.48618 -0.0172648
0.51382 -0.0189691
0.53618 -0.0200492
0.56382 -0.0214426
0.58618 -0.0221017
0.61382 -0.0229006
0.63618 -0.0231265
0.66382 -0.0232358
0.68618 -0.0229719
0.71382 -0.0224182
0.73618 -0.0216175
0.76382 -0.0204559
0.78618 -0.0191702
0.81382 -0.0174373
0.83618 -0.0157286
0.86382 -0.013506
0.88618 -0.0114792
0.91382 -0.00887312
0.93618 -0.00658885
0.96382 -0.00390281
0.98618 -0.00130214
